0000000000000000000000000000000000000000000000000000000000000000000000000000000000000000000000000000
0000000000000000000000000000000000000000000000000000000000000000000000000000000000000000000000000000
0000000000000000000000000000000000000000000000000000000000000000000000000000000000000000000000000000
0000000000000000000000000000000000000000000000000000000000000000000000000000000000000000000000000000
0000000000000000000000000000000000000000000000000000000000000000000000000000000000000000000000000000
0000000000000000000000000000000000000000000000000000000000000000000000000000000000000000000000000000
0000000000000000000000000000000000000000000000000000000000000000000000000000000000000000000000000000
0000000000000000000000000000000000000000000000000000000000000000000000000000000000000000000000000000
0000111110000000011111101110000000000000000000000000000000000000000000011111110000000111111100000000
0000111111000000011111101110000000000000000000000000000000000000000001111111111000001111111100000000
0000001111000000011110001110000000000000000000000000000000000000000011111000111100011110011100000000
0000001111100000111110000000000000000000000000000000000000000000000011100000011110011100001100000000
0000001111100000111110000010000001000000010110000010000000000000000111100000011110011110001110000000
0000001111110001111110011110001111111011111111011111110000000000000111000000001110011111000110000000
0000001111110001111110111110011110111111111111111111111000000000000111000000001111011111110000000000
0000001111110011101110001110011100111101111111111001111000000000000111000000001111001111111000000000
0000001101111011101110001110011000011001110001110000111000000000000111000000001111000011111100000000
0000001101111111001110001110111000000001110001110000111100000000000111000000001111000001111110000000
0000001100111111001110001110111100000001110001110000111100000000000111100000001110110000011110000000
0000001100111110001110001110111100001101110001111000111000000000000111100000011110111000011110000000
0000001100011110001110001110011110011101110001111000111000000000000011110000111110111000011110000000
0000011100011100011111001110011111111001110000111101111000000000000011111001111100011110111110000000
0000111111001100111111111111101111110111111100011111110000000000000000111111111000011111111100000000
0000000000000000000000000000000011000000000000001111000000000000000000001111000000011011110000000000
0000000000000000000000000000000000000000000000000000000000000000000000000000000000000000000000000000
0000000000000000000000000000000000000000000000000000000000000000000000000000000000000000000000000000
0000000000000000000000000000000000000000000000000000000000000000000000000000000000000000000000000000
0000000000000000000000000000000000000000000000000000000000000000000000000000000000000000000000000000
0000000000000000000000000000000000000000000000000000000000000000000000000000000000000000000000000000
0000000000000000000000000000000000000000000000000000000000000000000000000000000000000000000000000000
